1     11    ACEH                                 18        5      289                6.497        57.956,00       5.247.257
2     12    SUMATERA UTARA                       25        8      450         693    5.417        72.981,23      14.874.889
3     13    SUMATERA BARAT                       12        7      179         230     928         42.012,89       5.519.245
4     14    RIAU                                 10        2      169         268    1.591        87.023,66       6.074.100
5     15    JAMBI                                 9        2      141         163    1.399        50.058,16       3.493.357
6     16    SUMATERA SELATAN                     13        4      241         387    2.853        91.592,43       8.217.551
7     17    BENGKULU                              9        1      129         172    1.341        19.919,33       1.999.539
8     18    LAMPUNG                              13        2      228         205    2.435        34.623,80       9.095.591
9     19    KEPULAUAN BANGKA BELITUNG             6        1         47         82    309         16.424,06       1.379.767
10    21    KEPULAUAN RIAU                        5        2         75       142     275          8.201,72       1.929.400
11    31    DKI JAKARTA                           1        5         44       267                     664,01     10.846.145
12    32    JAWA BARAT                           18        9      627         645    5.312        35.377,76      45.161.325
13    33    JAWA TENGAH                          29        6      576         753    7.809        32.800,69      36.364.072
14    34    DAERAH ISTIMEWA YOGYAKARTA            4        1         78         46    392          3.133,15       3.631.015
15    35    JAWA TIMUR                           29        9      666         777    7.724        47.803,49      40.479.023
16    36    BANTEN                                4        4      155         313    1.238         9.662,92      10.722.374
17    51    BALI                                  8        1         57         80    636          5.780,06       4.216.171
18    52    NUSA TENGGARA BARAT                   8        2      117         145     995         18.572,32       5.270.247
19    53    NUSA TENGGARA TIMUR                  21        1      309         327    3.026        48.718,10       5.411.321
20    61    KALIMANTAN BARAT                     12        2      174           99   2.031      147.307,00        5.422.814
21    62    KALIMANTAN TENGAH                    13        1      136         139    1.432      153.564,50        2.570.289
22    63    KALIMANTAN SELATAN                   11        2      153         144    1.864        38.744,23       4.023.049
23    64    KALIMANTAN TIMUR                      7        3      103         197     841       129.066,64        3.552.191
24    65    KALIMANTAN UTARA                      4        1         53         35    447         75.467,70         648.407
25    71    SULAWESI UTARA                       11        4      171         332    1.507        13.892,47       2.641.884
26    72    SULAWESI TENGAH                      12        1      175         175    1.842        61.841,29       2.955.567
27    73    SULAWESI SELATAN                     21        3      311         792    2.255        46.717,48       9.426.885
28    74    SULAWESI TENGGARA                    15        2      219         377    1.911        38.067,70       2.635.461
29    75    GORONTALO                             5        1         77         72    657         11.257,07       1.180.651
30    76    SULAWESI BARAT                        6                  69         73    575         16.787,18       1.559.984
31    81    MALUKU                                9        2      118           35   1.198        46.914,03       1.847.097
32    82    MALUKU UTARA                          8        2      116         118    1.063        31.982,50       1.307.803
33    91    PAPUA                                28        1      560         110    5.411      319.036,05        4.340.348
34    92    PAPUA BARAT                          12        1      218           95   1.742      102.955,15        1.140.701